5
 0.72062917 -0.912908233
 0.46056281 -0.241639557
 0.78889254 -0.556337266
-0.80345899  0.582942213
-0.35263954  0.733044113
-0.52757462 -0.653249274
-0.41449415  0.264156256
-0.38798378  0.607895419
-0.77326333  0.317677718
 0.68589250 -0.494940748
-0.95823171  0.610270220
-0.58331180 -0.201024019
-0.99982622 -0.550930384
 0.05513971  0.446953046
 0.12788197 -0.648108966
-0.96228710 -0.251990426
-0.57454811 -0.702484466
 0.07133711  0.464579200
 0.98983575  0.479035648
-0.04543189  0.925661057
-0.24856568  0.738454959
-0.99872053 -0.327426582
 0.62533577  0.916993671
-0.68556859 -0.291093227
-0.49525040  0.638856479
 0.38180132 -0.876218212
-0.75771000  0.539939323
-0.99192777 -0.575296533
 0.72467112 -0.499434805
-0.87406494 -0.512131657
 0.23624413 -0.022225340
-0.23283156  0.194401318
-0.14597766 -0.002844635
-0.70563270  0.047347425
 0.53578159  0.565634919
-0.75264494  0.893477192
-0.35623472  0.079067946
 0.87542374 -0.941844650
-0.18523109  0.035720631
 0.32335235  0.621689507
-0.23980769  0.409938017
-0.81668547  0.742696806
 0.05864705  0.628786875
 0.06472472  0.236789167
-0.88224192  0.599318952
 0.56547175  0.890367220
 0.39940599  0.264166260
-0.76125989  0.937890069
-0.65310748 -0.086357748
 0.21988031  0.245120450
-0.23616121 -0.496941604
 0.13805566 -0.465225592
 0.94068430 -0.579258508
-0.26113817 -0.372287074
-0.28416946 -0.453765386
 0.83804725 -0.611592756
-0.58162233 -0.826798122
-0.04696989 -0.324943566
 0.49211547 -0.670525442
 0.62368229 -0.866376370
 0.50226562 -0.596385128
 0.89303978  0.496002395
 0.19954797 -0.235619698
 0.02446645 -0.650634998
 0.16417439 -0.097045401
 0.37258732  0.431011684
-0.77697208 -0.752194670
-0.60819828  0.978445145
 0.39146964  0.032314478
-0.16315335  0.051361422
 0.56739334  0.548353732
-0.84715701  0.756064367
 0.23444300  0.687247557
-0.30822900 -0.827695393
 0.12410432  0.472069292
-0.55261261  0.011839884
 0.88050789  0.528606230
-0.04912721 -0.415447225
 0.92794909  0.795993309
 0.33219264  0.481894956
 0.64143594 -0.817171497
 0.65672201 -0.862293185
-0.54521535 -0.380803084
-0.26980727 -0.067636097
 0.66151898  0.000731667
-0.42168657 -0.547809808
 0.64404142 -0.757519970
-0.43268508  0.983955455
-0.25919793 -0.871958955
-0.80515823 -0.471848966
 0.10731126 -0.633126696
 0.99530910  0.084583069
-0.59514090  0.235674560
 0.09616793  0.042733470
 0.31651535  0.080285116
 0.47905002  0.403044283
-0.22124670  0.511476615
 0.50040603  0.052072629
-0.64226405  0.247939596
-0.11629462  0.535796076
 0.51065610 -0.640880667
 0.79003215 -0.062298418
-0.61439679 -0.349671285
-0.18136861  0.575127636
 0.71062864  0.150874362
 0.66323180  0.641346018
-0.08836383 -0.014284439
 0.19016339 -0.567326727
-0.81073418  0.280842603
-0.11425076  0.668799014
 0.85346744  0.125221717
 0.68365803 -0.200289815
 0.51882416  0.463426057
 0.94689688  0.040007598
-0.13550008  0.701502449
 0.50886862 -0.609185375
 0.04844932 -0.407880350
-0.01749539  0.445956420
 0.40123612  0.518896536
 0.78732556  0.705493401
